378491365844183
358741185211476
454071999180594
140744179213659
459215988425174
521715552716565
459672874012009
54518206482189
344526407130587
206170020206783
555945994443857
411332487406877
456361217073528
365238043338420
529429743947845
89485488068547
7198367263416
105827419330789
160610858603652
408241185005581
556450604001766
230675345826653
533558851357754
330420144020915
510367263173043
409948399204460
87380408873497
533898850839475
234565836713190
169897705575228
6515243880931
542859476146573
410380023367789
207780898951627
428318217452329
182740685826109
435828857393648
87938635304227
204040705430571
262446923187338
11799539204720
539853852486350
328071572351032
410637610367526
377485535214375
309411565367855
150290392607179
2744221668714
490545713152135
122639325170011
383854288281111
478998766037001
547707948760980
47012693747801
320965767130985
36950641992507
87209150015325
454057882949633
404830064205978
295283183837888
214412851855135
95942802195932
99432147866015
24718515350759
489275478212529
380787629905981
309895744018037
462399303145563
144086259547483
426487154759321
122282068454718
311960854478744
48094813000579
3522366856539
178840715990048
390556691246034
359534305870729
101488800820552
438477582553592
281109202426055
12291577114528
527267968897027
110135825482729
393063164759867
529121122312832
403327977161902
169589304133979
211744096922282
150088707262760
389347285314745
356977636562000
501556961824032
323743614356391
551374404234963
445086790486276
367746252129954
416847144877549
234220484427208
386547424765189
134656657174337
504539780597869
85771327146387
19949629736867
440460853678822
96589326277784
187949846834258
66699122515183
246251718076821
79885226203325
85009933910291
149593857197468
412395864688048
326832348606511
180032269343900
364215616743757
501258631611373
14694944047357
400169582618369
85548670615027
97950589706643
28184053440040
230476834683461
470503233170841
553053495390830
124634892533659
112939842923652
355015213515043
546137185561854
26212584337732
241522028603821
510474939556432
356576571850146
26978524272967
318212499249667
9336526492778
235487234616858
51510057642705
3081856546656
560941743964320
346414185813375
271048854842975
427206235966112
121316712745282
202647351891412
65019768906398
474997903330670
273384541759746
363747463004577
374726816876463
553622819277669
193849985009102
411092542896614
332048410867271
217405518748433
80006945222445
321358902786351
323302353246759
308942005725363
228913356578135
200911470901474
38973801550072
307327623687737
291161101614821
68871604405932
399978943108527
428375377625867
49673457181666
313509837660121
46365970551506
5599377725592
508827734176760
476747432232226
9084604264020
515422580989623
177439646826931
212567443129961
21293829603588
97293118917507
481107190952495
157599459839932
561269754440970
475229175060735
380490248025437
267696559720641
444624445201215
414542884446710
218836945620321
354484933331402
397791017123812
51984859337263
368826307648862
477470088867235
284287200958103
337950367328247
28295579596314
167993833653066
401414338850657
460758726133276
479531713433170
373826520584346
231068863366201
191395561922894
508245373524054
548132840167395
523671884275900
232134721127472
72175145250495
296543871986786
380170723864870
462845048862653
110289039202593
58042042312420
23504652615925
175567720956834
387440689304766
154045765398389
408750730507821
16292443301505
435527358039928
368824114191547
540886527130308
232140648100280
284769491242196
299465514483326
553177128711085
3593075354372
7795453596787
59710471860563
210763331979989
249715096335268
440678052906187
34349635851467
442007243004764
191483233756055
319714341327106
497037463527688
172185309599796
214184409357989
499470892974482
185540052264052
468282631518526
232028200614473
311897350808735
522606153114573
5108175855731
372555541090914
557501220916049
152388003125524
503071765543208
81870009522632
211885437866284
258571461747178
333787545364338
205130223748567
290768088265264
156881022669563
27804301778771
348294257582613
131030045571668
285602580118790
75119747071847
401532874932624
314618332885921
62997781168642
552792113314470
461471010352413
297374902590684
275519269680382
370386053571208
23839919083069
468760519526838
315094195065112
117715533624656
143632265495819
376424973199914
262608864652904
246062263960219
6898387518084
519707650671622
456947523642653
366779693732820
507164642676874
96884771880811
11122764725266
515267898264174
380065585980399
452575848430211
240482308690325
39576218907177
510875730126305
88512317366231
335186784330328
80783320333200
67007607704740
210695888326077
16536557169736
432301480607082
317668993004975
80153706387587
498414560820325
74578142639726
30196287184631
275789104965584
240378501306607
431460359997740
417011990839685
215578543220627
32709171004213
292737593885832
461008711810256
556917871087899
223721246968069
350939530261087
328345825745126
215721579664152
248452348080741
250329953674362
174822905694862
134217280164375
240882478208243
345858223545654
35029361287450
123113337407507
451150810892385
236494144316371
396350167149513
508793681869523
56839638013277
560809427217711
375707964766612
472585075833800
198339621247117
264996059965694
358147427394715
171988328574497
96150061555819
93937033685336
369257567739693
291101245049473
498657366369485
448939342029917
285164275687791
350908254949443
218091925080452
247921853841041
294019322656268
220552937822748
313595265558013
415052666127931
394367315060073
324330453931484
288194892864883
213075273243682
166480075284077
325778316252400
155489369941134
349680109382531
296422522284231
409907407456930
83417200411660
166095152768177
154835272471645
32712047959735
383818029128818
238166142088792
186913719351131
456903917619245
265191680307956
319111124251894
284414975991865
425932306976740
216236700915946
557385237992664
403425650684411
283997597176832
55579333075199
318020871415888
200228109492166
296655098339187
16996775540635
208121181557928
401073406789747
412422536125439
379727783521093
406672500847881
179174339770313
517613216630799
239056643306859
176906365419640
484395225479400
279777619867269
357958381069277
417491654449332
240274578669350
301413750044611
94707912772754
293930635102063
490456137475267
440731973362928
340273992802017
313804462146733
503543762587819
152841817935631
487293398292468
83922374177266
541845042819808
205378294790096
211820610984486
77117836569753
444322342827293
209155116810596
392890573346357
126977574801094
81472205138951
517282944352611
381930692449069
542666511397686
105655058806668
468200498345290
561916881421372
341934874547567
84636835141818
79312527077777
239357713268256
111596028129697
489403497768126
42294485326168
95152989575418
1007718178712
142469375524306
93653124358833
440664035803711
144804053881937
443676033507910
111441602482088
316269038112908
451634878298616
299021010977914
547664011121571
451892493693703
294143318287822
200308472294633
130572931569738
441289859605114
489730151228873
115676285844052
491279558323947
30045618747251
432507101934226
321745500119311
193498371250269
435018889244505
334882554994310
107990588237584
392170290770899
19039242194436
181627576414337
177357075663931
229012786501417
307568421027789
73842195679883
453444601140508
344031518646220
217600506703166
340536721177261
416483885715587
269526052845532
526472626383532
68287545974861
61485826968376
459920913784971
65494683328966
203144837494108
350410967736888
416166924147162
430292122063242
513790552839545
218160643598194
352874148654545
547083408362130
297413365163219
521237318963878
524538563067347
499450711326135
479438893432288
439558945434781
343749887863485
14960681651547
422199000291398
215784286951601
371376343671853
153287413641055
436885478978941
43392191437902
293878433245302
257646411382877
246948699957203
376089157170430
325504344936315
79133834147372
188090739645597
481591890167850
13144700673487
310578809113857
493951471886359
106583499929184
29643705692251
514972136093797
164756494230418
305145015898426
538295545305941
234384035670418
189427986433608
244873436634215
400966549718784
10618382900398
17998098784697
102050603415967
149385846511569
326267516105989
176179270570047
513642529813726
298407163492824
67017021205417
246920733529991
113282463614384
287017430069768
413694514080859
227278813128810
221887140419688
99895695863890
93141147025100
285459451955638
522812623958652
374434414725157
183453141927904
26514274357527
220304713403134
59101440477878
89563776179972
360203728357757
482018375274779
339343764049712
496303194212197
311039076725515
177429663212140
381055413100774
470885828125405
323657369714087
526323487154120
536112943270992
273245339708907
330754676209077
143663457069621
543549791032826
379042769132610
304410074510063
12022883817604
30238363448369
89483601254219
395689780936522
436801155537040
126012650630226
18324032437011
355287423301498
537459643610517
312825041543194
507846877747084
551234682552723
388280786400349
318816874696061
288378669889418
494362994575467
202671028370933
34114585486362
390517238800402
16788001515565
58538590620658
419197192604935
424123798667052
65501542242384
260879053654449
333834699963421
347111726436329
414851483801395
537212295681324
270809253553794
230072508355085
220490648479321
400174715699902
132441132080223
262185018497838
350245481646558
7839316797482
482729855859870
401559526806260
414299998583026
288358501764291
294564372612276
205395417053710
320819875316431
37041059031616
357394590373884
66862365833040
200053159670903
249380423486500
191461740589892
237140449749872
170880312555812
481473869425401
283654977744011
358332646773021
130879705591659
272828091512896
137641630507820
553979488966267
398845727727723
461049770550671
492091980880987
461749500859101
540597428031472
429774770346942
98422906651659
272516986196145
276927721179541
173828552300326
266824115830760
317305288992716
431604347619275
206575756778527
225895180926585
101661185603501
25589680222352
102752258743092
404319560501707
517795204507253
282088338800457
551920675768461
175360040933550
299212317732530
199383538624758
335760527654943
544776926938931
363387653802042
54476558645188
180902644299991
523079497138517
163626795250372
338711295048915
85166836187215
371774785872394
51718564394311
237829625747067
286666217885219
509507226722718
464545366615128
93573478915189
499024143405464
98646751643598
486191535447760
374197686480296
426833257273032
57422717313044
95603241454511
4516836989360
115719241901582
181985574816445
170627941026887
12672497118282
179984205508285
194314862352132
40548194158172
497278681189513
75725127106805
105331161660563
433867595032042
1953646611773
155346205132756
205513639386312
263565890727447
315814688701415
194418842364597
454551870075903
374650566360159
140488873480059
178397489394003
185547364501232
454126514994914
319670473060480
90264610207655
375973057302640
400389674682784
299407475714292
329044902878432
139825709035445
358278770997841
370103991063312
365203157780430
24552172457308
133049702964314
510886594875209
281190707773110
105963119392437
441640933652841
103570001708656
348258535164439
474731764449753
302013947840331
377858929819581
403099154408997
555612707283891
330258136548723
7695765369132
97378255722024
23449191527732
181506790942204
401458446171890
282626255814799
144573379978142
507350467787272
172311785634661
355411294213716
69487579600777
357657111201980
51371640058874
203930555546730
80250212637349
291965393014134
341172887358634
485855797076091
166665115213349
528355824305966
184325251026316
19983099684937
160985912543960
377653768748677
319514399343559
436517440983553
483226421223661
129061074466172
291992026400302
500239696051722
509716547884012
145432051446715
214083049940538
405847455400102
146447056468874
475038974548270
519474039296228
313004039443585
148635510159537
391110617199044
478097500459091
285485084713222
347434999246050
285066404901153
254524503903103
353628901863520
506886489976558
321480646320606
25787189734344
398885175578154
422345813407160
52646680819463
329146771413510
441683668690127
293832357457654
530472198381059
40107657162319
44076771638668
438249889286902
269379366522590
393909971988212
251275126528820
363620437833979
199260987466840
144566647687592
152579101721717
298531745895069
381473207197081
443410251738047
414798292082392
164112185795864
254492527358178
542787466585923
296676779288601
330598594016222
99100385512138
452761864235589
325274993759104
7547035422405
274277711017281
59241420424476
92187145530691
269231109160632
129864511323874
540486657779063
492725603387367
227528943569201
148282931747290
311764428562350
226909020122510
364405901747744
259368025896797
50956572683968
79033034285850
447022452733341
280584850372240
189638243744760
64094079730686
465942157179560
141747491714634
27606853738052
522618445798649
490279714396126
348475561962545
207251460443187
305859538312248
456950955685375
56655420529317
297338975266888
423542016502081
50415523503952
167289867834194
202356624374107
91418323004458
526110140910066
280161122461208
428016458248140
292383028453639
420563531416994
561820245116236
118118755396031
487075585958371
357696842572812
96025632566093
244697173123854
288356563313803
321067740791582
335281225660731
319068844561090
462242088101597
175724787340889
387831795654202
344438992081254
333325927111420
131566805906490
84979777871811
294026692338952
300490697907530
233133182204784
154684048884762
391410052499278
490445962416062
177865047540387
389201535364883
162639535909546
273032243579899
263247316208197
523358037743508
448005429638952
492498204596830
418010634156251
12966222535642
523814102652620
369265015176339
104060274751208
328282237021403
260858834141323
149467933901845
130695568586557
105176558282028
551033388082198
528021043422781
482968693309320
542617962307887
361561484935496
494684066378666
554208294062960
306502401158261
478639860144457
524442025564714
436211755916173
107566724799852
141365528626947
478660827644216
219070292812851
485681638525756
371295649326448
352118685932220
481632006019008
46490709529071
31445974305713
54669262572303
33670350957189
393003164785849
505692398810043
286279065392645
125819329709834
114228696829852
202844725796620
236250681152835
156758780283980
23056475239930
263076484180490
110189151583857
301253539939109
90072200146793
398780895552612
253400843594435
64066865844643
73918975727011
158208841985811
423139292553017
227871568836896
206520111866401
516071497209379
224775736263959
172346744467633
223470200650723
385806570088547
95010289002579
171397264406760
73209937893712
118526387098179
218808026553509
390975783901676
36130924502357
144768773950282
351845591720861
274645794866698
301421659800703
311031223237984
379747823900491
235492036133629
13121916352364
425864852869385
396110528761935
47222514631789
275724411076766
489714677185206
145587648562462
211642587944152
233937256210357
475056579258143
331436678849474
143496316738239
317193143629524
92771285496220
230691909360406
40780597118362
103856612647224
117873788534063
393162601774612
448975521717451
475216873692372
499997290326112
26089748330475
346558745610863
349375031038093
156959104326414
27669837333921
519311145152920
35737115111887
301526359056389
371386964739174
282165333336800
453383387190245
355168925240524
192695632837687
313319147023000
453844717159748
155973001477620
429883345949986
561754996858933
155534080356389
201847319909911
247442777933441
54665953262630
352209297938869
26773763177990
442136566687784
35736542206472
242948547341741
163241688398789
304400573702720
552370072760928
521687442188975
238544689721154
484587377222063
193211187565390
124511313236794
262368375067965
317395700999187
118792526402897
283157761798523
88682142959208
426484906378028
516565871293352
421773823029285